0000 16.9
0001 16.96
0002 16.97
0003 16.94
0004 17.1
0005 17.02
0006 16.13
0007 17.01
0008 17.25
0009 17.21
0010 17.12
0011 17.13
0012 17.09
0013 17.03
0014 15.84
0015 15.93
0016 15.75
0017 15.70
0018 15.76
0019 15.78
0020 14.15
0021 15.51
0022 13.42
0023 12.93
0024 13.86
0025 12.85
0026 13.93
0027 13.08
0028 13.14
0029 13.36
0030 13.11
0031 13.21
0032 13.52
0033 13.14
0034 13.38
0035 15.62
0036 13.22
0037 13.23
0038 13.12
0039 12.97
0040 12.34
0041 12.59
0042 11.64
0043 11.62
0044 11.45
0045 11.80
0046 11.52
0047 10.77
0048 10.98
0049 11.10
0050 10.74
0051 10.57
0052 10.88
0053 10.80
0054 10.68
0055 10.46
0056 11.04
0057 10.49
0058 10.23
0059 10.30
0060 10.46
0061 10.43
0062 10.71
0063 10.52
0064 10.51
0065 10.25
0066 10.33
0067 10.11
0068 10.30
0069 10.36
0070 10.24
0071 10.41
0072 10.48
0073 10.68
0074 11.54
0075 12.22
0076 12.78
0077 16.44
0078 14.19
0079 12.87
0080 14.44
0081 14.06
0082 16.60
0083 16.59
0084 16.60
0085 13.74
0086 16.64
0087 12.59
0088 16.70
0089 16.88
0090 14.11
0091 16.74
0092 16.68
0093 16.84
0094 16.83
0095 16.98
0096 16.81
0097 17.01
0098 17.14
0099 82.56
0100 82.56
0101 83.20
0102 82.08
0103 84.00
0104 83.52
0105 84.32
0106 84.00
0107 82.24
0108 0    
0109 0    
0110 0    
0111 0    
0112 0    
0113 82.08
0114 82.08
0115 0    
0116 0    
0117 0    
0118 0    
0119 0    
0120 13.76
0121 12.56
0122 12.80
0123 14.07
0124 12.31
0125 13.84
0126 16.90
0127 13.89
0128 12.36
0129 13.36
0130 12.96
0131 15.29
0132 17.54
0133 12.74
0134 13.12
0135 13.42
0136 15.61
0137 12.60
0138 12.34
0139 11.95
0140 13.00
0141 12.77
0142 11.80
0143 11.86
0144 11.55
0145 11.58
0146 11.72
0147 11.31
0148 11.18
0149 10.95
0150 10.55
0151 10.70
0152 10.75
0153 10.83
0154 10.89
0155 10.71
0156 10.53
0157 10.49
0158 10.62
0159 10.52
0160 10.51
0161 10.40
0162 10.27
0163 10.41
0164 10.44
0165 10.24
0166 10.32
0167 10.39
0168 10.42
0169 10.21
0170 10.33
0171 10.50
0172 10.7
0173 10.56
0174 11.07
0175 11.95
0176 12.83
0177 13.12
0178 15.37
0179 0    
0180 14.61
0181 18.08
0182 13.05
0183 17.89
0184 17.38
0185 0    
0186 0    
0187 12.74
0188 0    
0189 17.14
0190 15.46
0191 0    
0192 0    
0193 0    
0194 0    
0195 14.97
0196 0    
0197 0    
0198 0    
0199 0    
0200 84.32
0201 83.52
0202 83.52
0203 83.20
0204 83.52
0205 0    
0206 82.56
0207 0    
0208 0    
0209 0    
0210 0    
0211 0    
0212 87.04
0213 82.56
0214 82.56
0215 0    
0216 0    
0217 0    
0218 0    
0219 15.46
0220 14.53
0221 12.59
0222 13.76
0223 0    
0224 16.15
0225 15.59
0226 13.88
0227 12.93
0228 13.52
0229 13.15
0230 12.26
0231 12.80
0232 12.61
0233 12.75
0234 13.20
0235 14.09
0236 13.08
0237 12.94
0238 13.14
0239 12.81
0240 12.58
0241 12.88
0242 11.83
0243 11.83
0244 11.83
0245 11.72
0246 11.38
0247 11.38
0248 11.23
0249 11.07
0250 10.98
0251 10.58
0252 10.68
0253 10.86
0254 11.07
0255 10.75
0256 10.94
0257 10.92
0258 10.34
0259 10.39
0260 10.30
0261 10.40
0262 10.43
0263 10.49
0264 10.25
0265 10.47
0266 10.39
0267 10.39
0268 10.51
0269 10.23
0270 10.33
0271 10.37
0272 10.68
0273 11.10
0274 11.54
0275 11.79
0276 12.78
0277 12.52
0278 14.91
0279 12.78
0280 13.58
0281 13.91
0282 0    
0283 13.73
0284 13.21
0285 14.33
0286 16.88
0287 14.35
0288 0    
0289 14.03
0290 0    
0291 0    
0292 17.63
0293 17.30
0294 18.15
0295 0    
0296 0    
0297 16.90
0298 0    
0299 0    
0300 0    
0301 0    
0302 0    
0303 0    
0304 84.32
0305 0    
0306 83.52
0307 0    
0308 84.48
0309 0    
0310 0    
0311 0    
0312 0    
0313 0    
0314 0    
0315 84.00
0316 81.76
0317 0    
0318 0    
0319 0    
0320 15.33
0321 13.76
0322 14.57
0323 13.03
0324 12.54
0325 13.34
0326 13.42
0327 13.49
0328 12.65
0329 12.89
0330 12.96
0331 13.50
0332 12.63
0333 14.36
0334 12.78
0335 13.38
0336 13.04
0337 13.24
0338 12.36
0339 12.63
0340 12.22
0341 13.38
0342 12.11
0343 11.81
0344 11.30
0345 11.94
0346 11.19
0347 10.80
0348 10.87
0349 11.36
0350 10.62
0351 11.29
0352 10.95
0353 10.64
0354 10.73
0355 10.57
0356 10.84
0357 10.62
0358 10.58
0359 10.52
0360 10.39
0361 10.41
0362 10.49
0363 10.63
0364 10.27
0365 10.46
0366 10.27
0367 10.35
0368 10.37
0369 10.42
0370 10.33
0371 10.43
0372 10.53
0373 10.66
0374 11.30
0375 12.26
0376 12.90
0377 12.77
0378 13.28
0379 12.61
0380 12.68
0381 12.81
0382 13.39
0383 14.98
0384 14.29
0385 12.63
0386 12.68
0387 15.09
0388 13.5
0389 13.33
0390 0    
0391 14.86
0392 17.61
0393 15.25
0394 0    
0395 14.23
0396 0    
0397 0    
0398 17.69
0399 0    
0400 0    
0401 0    
0402 0    
0403 0    
0404 0    
0405 0    
0406 81.76
0407 0    
0408 0    
0409 0    
0410 82.56
0411 0    
0412 0    
0413 0    
0414 83.20
0415 0    
0416 0    
0417 0    
0418 0    
0419 0    
0420 0    
0421 14.01
0422 13.05
0423 12.28
0424 14.08
0425 13.84
0426 13.58
0427 14.44
0428 12.93
0429 12.68
0430 12.80
0431 12.10
0432 14.54
0433 12.78
0434 12.69
0435 12.56
0436 12.67
0437 12.29
0438 12.63
0439 12.50
0440 12.43
0441 12.55
0442 12.19
0443 11.56
0444 11.77
0445 11.10
0446 11.44
0447 10.90
0448 11.34
0449 10.81
0450 10.70
0451 11.00
0452 10.89
0453 11.29
0454 10.95
0455 10.40
0456 10.61
0457 10.80
0458 10.58
0459 10.33
0460 10.44
0461 10.49
0462 10.48
0463 10.49
0464 10.32
0465 10.56
0466 10.45
0467 10.55
0468 10.52
0469 10.23
0470 10.12
0471 10.40
0472 10.39
0473 10.50
0474 11.48
0475 12.25
0476 11.98
0477 12.94
0478 12.50
0479 12.95
0480 12.65
0481 13.19
0482 12.42
0483 12.60
0484 13.31
0485 0    
0486 13.21
0487 13.22
0488 13.64
0489 17.92
0490 14.75
0491 14.79
0492 14.66
0493 15.03
0494 0    
0495 0    
0496 0    
0497 0    
0498 15.37
0499 83.52
0500 0    
0501 0    
0502 83.68
0503 0    
0504 0    
0505 18.36
0506 0    
0507 0    
0508 0    
0509 0    
0510 0    
0511 0    
0512 0    
0513 0    
0514 0    
0515 0    
0516 0    
0517 0    
0518 0    
0519 17.65
0520 18.68
0521 12.81
0522 12.86
0523 13.24
0524 12.54
0525 13.85
0526 12.62
0527 13.82
0528 12.40
0529 13.08
0530 13.06
0531 12.33
0532 14.49
0533 12.51
0534 13.33
0535 13.61
0536 12.49
0537 12.29
0538 12.65
0539 12.35
0540 12.06
0541 12.68
0542 11.57
0543 12.23
0544 11.69
0545 11.63
0546 11.48
0547 11.03
0548 10.98
0549 11.07
0550 10.71
0551 10.99
0552 10.88
0553 10.84
0554 10.90
0555 10.62
0556 10.58
0557 10.41
0558 10.74
0559 10.83
0560 10.67
0561 10.45
0562 10.37
0563 10.58
0564 10.27
0565 10.16
0566 10.27
0567 10.27
0568 10.49
0569 10.18
0570 10.42
0571 10.30
0572 10.36
0573 10.53
0574 10.86
0575 11.94
0576 12.12
0577 12.49
0578 14.23
0579 13.46
0580 12.57
0581 16.89
0582 12.91
0583 13.6
0584 14.44
0585 13.47
0586 14.61
0587 13.39
0588 14.13
0589 13.08
0590 13.85
0591 12.46
0592 12.11
0593 14.88
0594 0    
0595 0    
0596 12.47
0597 0    
0598 15.25
0599 0    
0600 0    
0601 0    
0602 0    
0603 84.00
0604 84.48
0605 85.28
0606 0    
0607 0    
0608 0    
0609 0    
0610 0    
0611 0    
0612 0    
0613 0    
0614 0    
0615 0    
0616 0    
0617 81.44
0618 17.14
0619 0    
0620 0    
0621 14.24
0622 12.80
0623 13.19
0624 13.12
0625 12.50
0626 13.20
0627 12.90
0628 12.75
0629 12.64
0630 13.24
0631 12.51
0632 13.25
0633 12.90
0634 12.85
0635 12.97
0636 12.07
0637 11.98
0638 12.16
0639 12.69
0640 12.40
0641 12.87
0642 12.40
0643 12.01
0644 11.90
0645 11.54
0646 11.30
0647 10.90
0648 11.60
0649 11.08
0650 10.88
0651 10.68
0652 10.89
0653 10.60
0654 10.74
0655 10.59
0656 10.62
0657 10.52
0658 10.42
0659 10.32
0660 10.28
0661 10.48
0662 10.41
0663 10.45
0664 10.21
0665 10.32
0666 10.33
0667 10.24
0668 10.39
0669 10.21
0670 10.13
0671 10.27
0672 10.43
0673 10.52
0674 10.66
0675 11.35
0676 11.83
0677 12.62
0678 12.73
0679 12.51
0680 13.40
0681 12.58
0682 13.64
0683 13.60
0684 12.89
0685 13.88
0686 13.43
0687 13.61
0688 13.77
0689 13.14
0690 14.46
0691 12.96
0692 14.13
0693 12.95
0694 14.48
0695 17.10
0696 13.21
0697 17.82
0698 17.51
0699 0    
0700 82.72
0701 0    
0702 0    
0703 0    
0704 0    
0705 18.58
0706 84.00
0707 0    
0708 0    
0709 0    
0710 0    
0711 0    
0712 0    
0713 0    
0714 0    
0715 0    
0716 0    
0717 0    
0718 18.20
0719 17.10
0720 0    
0721 12.65
0722 12.81
0723 12.77
0724 12.22
0725 12.35
0726 13.14
0727 12.51
0728 12.17
0729 12.24
0730 12.38
0731 12.50
0732 12.40
0733 12.19
0734 12.28
0735 12.50
0736 12.43
0737 12.25
0738 12.60
0739 12.71
0740 12.52
0741 12.56
0742 12.03
0743 11.95
0744 11.73
0745 11.46
0746 11.38
0747 10.67
0748 11.03
0749 11.07
0750 11.23
0751 10.83
0752 10.62
0753 10.68
0754 10.78
0755 10.5
0756 10.68
0757 10.41
0758 10.77
0759 10.44
0760 10.25
0761 10.42
0762 10.33
0763 10.35
0764 10.19
0765 10.47
0766 10.40
0767 10.31
0768 10.18
0769 10.18
0770 10.18
0771 10.31
0772 10.36
0773 10.41
0774 10.86
0775 11.14
0776 11.57
0777 12.64
0778 12.11
0779 12.62
0780 12.99
0781 13.14
0782 12.58
0783 15.37
0784 13.36
0785 13.02
0786 13.47
0787 12.81
0788 0    
0789 13.19
0790 13.36
0791 14.55
0792 13.25
0793 13.61
0794 13.58
0795 14.49
0796 13.57
0797 17.44
0798 12.70
0799 82.56
0800 0    
0801 0    
0802 0    
0803 0    
0804 0    
0805 0    
0806 0    
0807 0    
0808 84.00
0809 84.32
0810 0    
0811 0    
0812 0    
0813 0    
0814 0    
0815 0    
0816 82.56
0817 0    
0818 0    
0819 17.32
0820 15.50
0821 14.86
0822 12.16
0823 14.03
0824 12.71
0825 12.46
0826 12.74
0827 12.47
0828 12.68
0829 12.43
0830 12.82
0831 12.37
0832 12.35
0833 12.88
0834 12.59
0835 12.68
0836 12.07
0837 12.28
0838 12.31
0839 11.97
0840 11.90
0841 11.97
0842 11.89
0843 12.05
0844 11.80
0845 11.48
0846 11.42
0847 11.07
0848 10.73
0849 11.38
0850 10.83
0851 10.83
0852 10.77
0853 10.45
0854 10.67
0855 10.34
0856 10.59
0857 10.27
0858 10.27
0859 10.78
0860 10.64
0861 10.44
0862 10.36
0863 10.53
0864 10.30
0865 10.41
0866 10.32
0867 10.21
0868 10.36
0869 10.30
0870 10.31
0871 10.30
0872 10.50
0873 10.49
0874 10.44
0875 10.70
0876 11.71
0877 12.25
0878 12.03
0879 12.66
0880 12.35
0881 12.37
0882 12.81
0883 12.80
0884 12.81
0885 12.29
0886 13.92
0887 12.93
0888 12.15
0889 13.20
0890 13.62
0891 13.12
0892 12.36
0893 12.72
0894 14.91
0895 14.32
0896 0    
0897 12.35
0898 14.21
0899 0    
0900 82.72
0901 0    
0902 0    
0903 83.52
0904 0    
0905 0    
0906 81.28
0907 83.20
0908 84.00
0909 82.56
0910 0    
0911 0    
0912 0    
0913 0    
0914 0    
0915 82.56
0916 18.56
0917 0    
0918 0    
0919 0    
0920 12.49
0921 13.08
0922 12.13
0923 12.67
0924 12.58
0925 11.94
0926 12.71
0927 12.70
0928 12.34
0929 12.35
0930 12.31
0931 12.16
0932 12.37
0933 12.34
0934 12.09
0935 12.07
0936 12.24
0937 11.93
0938 12.03
0939 12.07
0940 12.13
0941 12.19
0942 11.94
0943 11.78
0944 11.39
0945 11.20
0946 11.48
0947 10.83
0948 10.78
0949 10.39
0950 10.61
0951 10.84
0952 11.09
0953 10.74
0954 10.71
0955 10.60
0956 10.62
0957 10.53
0958 10.58
0959 10.63
0960 10.44
0961 10.62
0962 10.55
0963 10.44
0964 10.44
0965 10.40
0966 10.1
0967 10.28
0968 10.43
0969 10.22
0970 10.28
0971 10.32
0972 10.34
0973 09.98
0974 10.27
0975 10.84
0976 10.68
0977 11.91
0978 12.78
0979 12.45
0980 12.43
0981 14.50
0982 12.99
0983 12.62
0984 12.85
0985 13.53
0986 14.26
0987 12.85
0988 12.68
0989 12.95
0990 12.67
0991 12.46
0992 12.46
0993 13.02
0994 12.93
0995 13.67
0996 12.60
0997 13.49
0998 0    
0999 0    
1000 0    
1001 0    
1002 82.72
1003 18.55
1004 83.68
1005 87.04
1006 0    
1007 0    
1008 0    
1009 0    
1010 0    
1011 0    
1012 0    
1013 0    
1014 0    
1015 0    
1016 0    
1017 0    
1018 17.84
1019 14.83
1020 13.43
1021 12.82
1022 12.68
1023 12.58
1024 12.28
1025 12.45
1026 12.13
1027 11.97
1028 13.53
1029 12.50
1030 12.23
1031 12.69
1032 12.56
1033 12.13
1034 12.64
1035 12.16
1036 12.38
1037 12.28
1038 12.13
1039 11.85
1040 12.08
1041 12.28
1042 12.03
1043 11.48
1044 11.50
1045 10.95
1046 10.54
1047 11.39
1048 10.75
1049 10.92
1050 10.65
1051 10.58
1052 10.83
1053 10.52
1054 10.42
1055 10.59
1056 10.56
1057 10.83
1058 10.50
1059 10.24
1060 10.54
1061 10.31
1062 10.39
1063 10.41
1064 10.37
1065 10.55
1066 10.21
1067 10.26
1068 10.27
1069 10.25
1070 10.34
1071 10.30
1072 10.37
1073 10.27
1074 10.41
1075 10.59
1076 10.86
1077 11.43
1078 12.31
1079 12.22
1080 13.15
1081 14.15
1082 12.80
1083 12.46
1084 12.50
1085 12.40
1086 13.11
1087 12.68
1088 13.28
1089 12.57
1090 13.36
1091 13.19
1092 12.94
1093 12.83
1094 12.98
1095 15.68
1096 12.77
1097 12.57
1098 14.41
1099 0    
1100 0    
1101 83.04
1102 82.56
1103 83.20
1104 0    
1105 0    
1106 0    
1107 0    
1108 0    
1109 0    
1110 0    
1111 0    
1112 81.76
1113 0    
1114 82.56
1115 0    
1116 0    
1117 0    
1118 14.32
1119 14.21
1120 12.08
1121 12.36
1122 11.66
1123 12.54
1124 12.62
1125 12.01
1126 12.37
1127 12.01
1128 12.24
1129 12.34
1130 11.95
1131 11.94
1132 12.15
1133 12.34
1134 12.07
1135 11.98
1136 12.50
1137 12.11
1138 12.06
1139 11.88
1140 11.80
1141 11.89
1142 12.01
1143 11.55
1144 11.72
1145 11.75
1146 10.94
1147 10.89
1148 11.26
1149 10.80
1150 10.98
1151 10.82
1152 11.00
1153 10.40
1154 10.36
1155 10.92
1156 10.55
1157 10.62
1158 10.24
1159 10.59
1160 10.59
1161 10.59
1162 10.52
1163 10.46
1164 10.19
1165 10.39
1166 10.01
1167 10.40
1168 10.41
1169 10.32
1170 10.19
1171 10.2
1172 10.16
1173 10.33
1174 10.55
1175 10.44
1176 10.56
1177 10.91
1178 12.07
1179 12.34
1180 12.37
1181 12.88
1182 12.26
1183 12.49
1184 12.58
1185 12.74
1186 12.94
1187 12.23
1188 12.82
1189 13.25
1190 12.37
1191 13.02
1192 12.69
1193 12.71
1194 12.80
1195 12.78
1196 12.87
1197 0    
1198 13.46
1199 82.56
1200 0    
1201 0    
1202 0    
1203 0    
1204 0    
1205 0    
1206 0    
1207 0    
1208 0    
1209 0    
1210 0    
1211 0    
1212 0    
1213 0    
1214 0    
1215 18.48
1216 82.08
1217 0    
1218 13.54
1219 12.90
1220 13.00
1221 13.68
1222 12.80
1223 12.09
1224 12.27
1225 12.21
1226 12.18
1227 11.98
1228 12.35
1229 12.10
1230 11.75
1231 11.73
1232 12.51
1233 11.95
1234 12.09
1235 12.05
1236 11.72
1237 11.94
1238 12.32
1239 12.17
1240 12.05
1241 12.33
1242 12.05
1243 11.78
1244 11.41
1245 11.72
1246 11.17
1247 10.86
1248 10.56
1249 11.19
1250 11.15
1251 10.83
1252 10.66
1253 10.87
1254 10.67
1255 10.83
1256 10.32
1257 10.49
1258 10.53
1259 10.54
1260 10.45
1261 10.39
1262 10.28
1263 10.18
1264 10.10
1265 10.09
1266 10.33
1267 10.47
1268 10.18
1269 10.27
1270 10.30
1271 10.40
1272 10.36
1273 10.10
1274 10.21
1275 10.51
1276 10.64
1277 11.33
1278 11.45
1279 12.32
1280 12.08
1281 12.54
1282 12.76
1283 12.60
1284 12.50
1285 12.56
1286 12.87
1287 12.19
1288 12.69
1289 12.29
1290 12.73
1291 12.22
1292 12.84
1293 12.64
1294 12.54
1295 12.47
1296 12.84
1297 14.86
1298 14.95
1299 0    
1300 0    
1301 0    
1302 84.48
1303 0    
1304 0    
1305 0    
1306 0    
1307 0    
1308 0    
1309 84.00
1310 84.00
1311 82.72
1312 0    
1313 0    
1314 0    
1315 0    
1316 0    
1317 0    
1318 0    
1319 13.50
1320 12.49
1321 12.40
1322 12.11
1323 12.41
1324 12.28
1325 11.80
1326 12.17
1327 12.02
1328 11.87
1329 12.13
1330 12.35
1331 12.00
1332 11.78
1333 11.67
1334 11.67
1335 11.63
1336 11.78
1337 11.19
1338 12.25
1339 12.21
1340 12.19
1341 12.11
1342 11.60
1343 10.86
1344 11.51
1345 11.32
1346 10.96
1347 10.74
1348 10.67
1349 10.58
1350 10.64
1351 10.61
1352 10.58
1353 10.97
1354 10.55
1355 10.54
1356 10.77
1357 10.40
1358 11.01
1359 10.39
1360 10.48
1361 10.33
1362 10.48
1363 10.44
1364 10.31
1365 10.60
1366 10.47
1367 10.5
1368 10.30
1369 10.28
1370 10.18
1371 10.23
1372 10.33
1373 10.17
1374 10.33
1375 10.47
1376 10.48
1377 10.57
1378 11.12
1379 11.87
1380 12.08
1381 12.25
1382 12.51
1383 12.96
1384 13.05
1385 12.45
1386 12.31
1387 12.34
1388 13.02
1389 12.50
1390 13.14
1391 13.28
1392 12.44
1393 12.37
1394 13.11
1395 13.23
1396 12.51
1397 12.78
1398 12.67
1399 84.00
1400 82.56
1401 83.52
1402 0    
1403 0    
1404 0    
1405 0    
1406 0    
1407 0    
1408 82.72
1409 84.48
1410 0    
1411 0    
1412 0    
1413 0    
1414 0    
1415 0    
1416 0    
1417 0    
1418 13.64
1419 12.81
1420 12.74
1421 12.13
1422 11.90
1423 11.78
1424 12.16
1425 12.10
1426 11.92
1427 12.13
1428 12.18
1429 12.00
1430 11.85
1431 11.89
1432 11.97
1433 11.96
1434 11.75
1435 11.72
1436 11.99
1437 11.87
1438 12.06
1439 11.86
1440 11.88
1441 11.82
1442 11.48
1443 11.83
1444 11.79
1445 11.44
1446 11.51
1447 10.86
1448 10.77
1449 10.80
1450 10.77
1451 10.58
1452 11.23
1453 10.89
1454 11.41
1455 10.48
1456 10.50
1457 10.46
1458 10.52
1459 10.43
1460 10.48
1461 10.41
1462 10.50
1463 10.30
1464 10.34
1465 10.36
1466 10.30
1467 10.43
1468 10.44
1469 10.33
1470 10.25
1471 10.21
1472 10.06
1473 10.34
1474 10.21
1475 10.19
1476 10.58
1477 10.75
1478 11.27
1479 11.78
1480 12.03
1481 12.04
1482 12.02
1483 12.34
1484 12.59
1485 12.90
1486 13.02
1487 12.53
1488 11.98
1489 12.56
1490 12.91
1491 12.56
1492 12.42
1493 12.57
1494 12.74
1495 12.49
1496 12.43
1497 13.11
1498 12.78
1499 0    
1500 0    
1501 0    
1502 0    
1503 0    
1504 0    
1505 0    
1506 0    
1507 0    
1508 0    
1509 0    
1510 0    
1511 0    
1512 0    
1513 82.24
1514 0    
1515 0    
1516 0    
1517 0    
1518 14.36
1519 13.16
1520 12.21
1521 12.23
1522 11.92
1523 12.07
1524 12.52
1525 11.71
1526 12.11
1527 12.06
1528 11.69
1529 11.63
1530 11.79
1531 12.05
1532 11.80
1533 11.76
1534 11.89
1535 12.17
1536 11.69
1537 12.01
1538 11.73
1539 11.75
1540 12.06
1541 11.72
1542 12.16
1543 11.57
1544 11.27
1545 11.44
1546 11.17
1547 10.71
1548 10.78
1549 10.64
1550 11.07
1551 11.21
1552 10.63
1553 11.04
1554 10.77
1555 10.89
1556 10.64
1557 10.41
1558 10.51
1559 10.53
1560 10.54
1561 10.42
1562 10.28
1563 10.3
1564 10.39
1565 10.34
1566 10.22
1567 10.24
1568 10.49
1569 10.30
1570 10.12
1571 10.14
1572 10.09
1573 10.25
1574 10.07
1575 10.35
1576 10.51
1577 10.77
1578 10.58
1579 11.69
1580 11.95
1581 12.00
1582 11.78
1583 12.28
1584 12.07
1585 12.07
1586 12.20
1587 12.28
1588 12.42
1589 12.17
1590 12.17
1591 12.40
1592 12.66
1593 12.21
1594 12.34
1595 12.88
1596 13.73
1597 13.58
1598 12.93
1599 0    
1600 0    
1601 0    
1602 83.52
1603 81.76
1604 0    
1605 82.24
1606 0    
1607 0    
1608 0    
1609 0    
1610 0    
1611 0    
1612 0    
1613 84.32
1614 0    
1615 0    
1616 17.38
1617 17.70
1618 12.87
1619 12.42
1620 12.27
1621 11.97
1622 11.63
1623 12.19
1624 11.96
1625 11.73
1626 12.04
1627 11.87
1628 11.91
1629 11.86
1630 11.88
1631 11.76
1632 11.61
1633 11.69
1634 11.78
1635 12.00
1636 11.69
1637 11.91
1638 11.82
1639 11.97
1640 11.47
1641 11.66
1642 11.48
1643 11.32
1644 11.52
1645 11.54
1646 10.96
1647 10.92
1648 10.71
1649 11.22
1650 11.40
1651 10.76
1652 10.88
1653 10.56
1654 10.61
1655 10.61
1656 10.70
1657 10.44
1658 10.59
1659 10.47
1660 10.64
1661 10.61
1662 10.45
1663 10.42
1664 10.59
1665 10.42
1666 10.27
1667 10.21
1668 10.40
1669 10.33
1670 10.20
1671 10.32
1672 10.03
1673 10.27
1674 10.28
1675 10.33
1676 10.17
1677 10.46
1678 10.54
1679 10.77
1680 11.42
1681 11.91
1682 11.48
1683 12.02
1684 11.89
1685 12.65
1686 12.04
1687 12.71
1688 12.35
1689 12.52
1690 12.16
1691 12.13
1692 12.22
1693 12.63
1694 12.55
1695 12.49
1696 12.94
1697 12.16
1698 12.67
1699 84.32
1700 84.32
1701 0    
1702 0    
1703 0    
1704 84.00
1705 0    
1706 0    
1707 0    
1708 0    
1709 0    
1710 0    
1711 83.68
1712 0    
1713 0    
1714 0    
1715 0    
1716 0    
1717 0    
1718 13.73
1719 12.37
1720 12.07
1721 11.88
1722 11.98
1723 12.06
1724 11.66
1725 12.16
1726 11.73
1727 11.80
1728 11.83
1729 11.86
1730 11.38
1731 11.51
1732 11.72
1733 11.55
1734 11.42
1735 11.66
1736 11.81
1737 11.8
1738 11.94
1739 11.48
1740 11.61
1741 11.57
1742 11.54
1743 11.97
1744 11.79
1745 11.15
1746 11.68
1747 11.36
1748 10.81
1749 11.01
1750 11.03
1751 10.65
1752 10.61
1753 10.67
1754 11.09
1755 10.71
1756 10.70
1757 10.44
1758 10.64
1759 10.44
1760 10.14
1761 10.24
1762 10.55
1763 10.39
1764 10.36
1765 10.52
1766 10.39
1767 10.21
1768 10.32
1769 10.23
1770 10.29
1771 10.25
1772 10.44
1773 10.21
1774 10.22
1775 10.20
1776 10.24
1777 10.28
1778 10.60
1779 11.04
1780 11.49
1781 11.86
1782 11.73
1783 12.25
1784 11.97
1785 12.13
1786 12.63
1787 12.45
1788 12.21
1789 12.18
1790 12.64
1791 12.29
1792 12.43
1793 11.89
1794 12.55
1795 12.31
1796 12.98
1797 12.44
1798 13.22
1799 0    
1800 0    
1801 0    
1802 84.32
1803 84.00
1804 0    
1805 0    
1806 0    
1807 82.08
1808 0    
1809 0    
1810 0    
1811 0    
1812 0    
1813 81.76
1814 0    
1815 0    
1816 0    
1817 12.72
1818 12.43
1819 12.03
1820 11.86
1821 11.91
1822 11.95
1823 11.64
1824 11.84
1825 12.17
1826 11.78
1827 11.49
1828 12.04
1829 11.72
1830 11.90
1831 11.76
1832 12.01
1833 11.76
1834 11.83
1835 11.60
1836 11.72
1837 11.49
1838 11.57
1839 11.47
1840 11.51
1841 11.58
1842 11.58
1843 11.34
1844 10.92
1845 11.35
1846 11.46
1847 10.95
1848 11.10
1849 11.04
1850 11.13
1851 11.26
1852 11.00
1853 10.68
1854 10.75
1855 11.12
1856 10.53
1857 10.57
1858 10.74
1859 10.49
1860 10.35
1861 10.55
1862 10.58
1863 10.46
1864 10.40
1865 10.36
1866 10.59
1867 10.34
1868 10.16
1869 10.30
1870 10.36
1871 10.43
1872 10.12
1873 10.39
1874 10.12
1875 10.19
1876 10.44
1877 10.40
1878 10.53
1879 11.09
1880 11.21
1881 11.41
1882 11.61
1883 12.09
1884 12.02
1885 11.39
1886 12.05
1887 12.22
1888 12.07
1889 12.31
1890 12.06
1891 12.11
1892 11.99
1893 12.46
1894 12.28
1895 12.73
1896 12.02
1897 12.42
1898 12.74
1899 0    
1900 0    
1901 84.32
1902 84.48
1903 0    
1904 0    
1905 0    
1906 0    
1907 0    
1908 0    
1909 0    
1910 0    
1911 0    
1912 0    
1913 0    
1914 0    
1915 0    
1916 18.03
1917 12.57
1918 12.25
1919 11.92
1920 11.16
1921 11.84
1922 12.05
1923 11.78
1924 11.83
1925 11.54
1926 12.08
1927 11.45
1928 11.60
1929 11.75
1930 11.65
1931 11.44
1932 11.88
1933 11.60
1934 11.74
1935 11.31
1936 11.58
1937 11.6
1938 11.20
1939 11.16
1940 11.33
1941 11.22
1942 10.90
1943 11.56
1944 11.78
1945 10.74
1946 10.81
1947 10.95
1948 10.80
1949 11.15
1950 11.41
1951 10.96
1952 10.99
1953 10.57
1954 10.86
1955 11.07
1956 10.61
1957 10.30
1958 10.57
1959 10.55
1960 10.55
1961 10.58
1962 10.70
1963 10.46
1964 10.46
1965 10.24
1966 10.34
1967 10.39
1968 10.13
1969 10.24
1970 10.39
1971 10.31
1972 10.33
1973 10.21
1974 10.28
1975 10.13
1976 10.32
1977 10.33
1978 10.36
1979 10.39
1980 10.74
1981 11.27
1982 11.65
1983 11.81
1984 11.66
1985 11.67
1986 11.77
1987 11.95
1988 11.98
1989 11.85
1990 12.46
1991 12.69
1992 12.69
1993 12.59
1994 12.14
1995 12.51
1996 12.98
1997 12.04
1998 12.37
1999 0    
2000 0    
2001 0    
2002 0    
2003 0    
2004 0    
2005 0    
2006 0    
2007 0    
2008 0    
2009 0    
2010 0    
2011 0    
2012 84.48
2013 82.56
2014 0    
2015 0    
2016 0    
2017 13.21
2018 12.35
2019 11.85
2020 12.07
2021 11.88
2022 11.05
2023 11.89
2024 11.39
2025 11.82
2026 11.11
2027 11.74
2028 11.65
2029 11.53
2030 11.39
2031 11.60
2032 11.64
2033 11.62
2034 11.27
2035 11.18
2036 11.48
2037 11.65
2038 11.41
2039 11.26
2040 11.41
2041 11.44
2042 11.42
2043 11.36
2044 11.45
2045 11.80
2046 11.48
2047 10.92
2048 11.17
2049 10.83
2050 10.80
2051 10.62
2052 10.39
2053 10.99
2054 10.68
2055 10.80
2056 10.58
2057 10.78
2058 10.62
2059 10.64
2060 10.39
2061 10.55
2062 10.52
2063 10.30
2064 10.34
2065 10.31
2066 10.37
2067 10.29
2068 10.39
2069 10.27
2070 10.36
2071 10.36
2072 10.16
2073 10.39
2074 10.28
2075 10.32
2076 10.39
2077 10.33
2078 10.21
2079 10.55
2080 10.75
2081 11.04
2082 11.41
2083 11.70
2084 11.60
2085 11.92
2086 11.91
2087 11.98
2088 12.19
2089 12.28
2090 12.19
2091 12.65
2092 12.30
2093 12.28
2094 12.25
2095 12.61
2096 12.01
2097 12.35
2098 12.98
2099 18.71
2100 83.68
2101 84.32
2102 0    
2103 0    
2104 0    
2105 0    
2106 0    
2107 0    
2108 0    
2109 0   
2110 0    
2111 0    
2112 0    
2113 81.76
2114 83.52
2115 0    
2116 0    
2117 13.08
2118 12.63
2119 11.85
2120 11.74
2121 11.66
2122 11.57
2123 11.70
2124 11.69
2125 11.97
2126 11.25
2127 11.51
2128 11.41
2129 11.32
2130 11.66
2131 11.52
2132 11.60
2133 11.24
2134 11.29
2135 11.01
2136 11.12
2137 11.59
2138 11.45
2139 11.07
2140 11.13
2141 11.08
2142 11.4
2143 11.45
2144 11.36
2145 11.32
2146 11.39
2147 11.20
2148 11.40
2149 11.24
2150 10.89
2151 11.30
2152 10.98
2153 10.80
2154 10.89
2155 11.21
2156 10.30
2157 10.62
2158 10.62
2159 10.59
2160 10.43
2161 10.71
2162 10.34
2163 10.39
2164 10.19
2165 10.39
2166 10.24
2167 10.37
2168 10.43
2169 10.25
2170 10.12
2171 10.12
2172 10.27
2173 10.30
2174 10.18
2175 10.40
2176 10.25
2177 10.46
2178 10.47
2179 10.28
2180 10.44
2181 10.89
2182 11.63
2183 12.12
2184 12.10
2185 11.60
2186 12.23
2187 11.95
2188 11.87
2189 12.27
2190 12.28
2191 11.98
2192 12.54
2193 12.27
2194 12.28
2195 12.31
2196 12.49
2197 12.36
2198 12.13
2199 0    
2200 81.76
2201 0    
2202 0    
2203 0    
2204 0    
2205 0    
2206 0    
2207 0    
2208 0    
2209 0    
2210 0    
2211 84.00
2212 0    
2213 0    
2214 0    
2215 0    
2216 0    
2217 13.76
2218 12.01
2219 12.26
2220 12.06
2221 11.77
2222 11.80
2223 11.88
2224 11.64
2225 11.55
2226 11.67
2227 11.47
2228 11.72
2229 11.51
2230 11.42
2231 11.42
2232 11.27
2233 11.51
2234 10.58
2235 11.36
2236 11.63
2237 10.98
2238 11.44
2239 11.38
2240 11.41
2241 11.29
2242 11.36
2243 10.83
2244 11.82
2245 11.36
2246 11.05
2247 11.21
2248 11.37
2249 11.32
2250 11.17
2251 11.09
2252 10.86
2253 10.89
2254 10.89
2255 10.48
2256 10.89
2257 10.58
2258 10.86
2259 10.52
2260 10.14
2261 10.42
2262 10.40
2263 10.27
2264 10.30
2265 10.30
2266 10.62
2267 10.35
2268 10.27
2269 10.41
2270 10.34
2271 10.28
2272 10.37
2273 10.36
2274 10.18
2275 10.25
2276 10.42
2277 10.17
2278 10.36
2279 10.40
2280 10.74
2281 10.77
2282 11.72
2283 11.65
2284 11.82
2285 11.86
2286 11.57
2287 11.82
2288 11.74
2289 12.33
2290 12.19
2291 12.06
2292 12.45
2293 11.97
2294 12.49
2295 11.94
2296 12.06
2297 11.98
2298 12.17
2299 0    
2300 0    
2301 0    
2302 84.00
2303 81.76
2304 0    
2305 0    
2306 0    
2307 0    
2308 0    
2309 0    
2310 82.72
2311 0    
2312 0    
2313 82.56
2314 83.20
2315 0    
2316 0    
2317 0    
2318 12.37
2319 12.22
2320 11.94
2321 11.90
2322 11.93
2323 11.30
2324 10.81
2325 11.48
2326 11.54
2327 11.78
2328 11.57
2329 11.41
2330 11.02
2331 11.08
2332 11.3
2333 11.10
2334 11.04
2335 11.05
2336 11.15
2337 10.86
2338 11.01
2339 11.26
2340 10.83
2341 10.97
2342 11.04
2343 10.91
2344 10.92
2345 11.59
2346 11.45
2347 11.44
2348 11.11
2349 10.74
2350 10.94
2351 11.04
2352 10.80
2353 11.01
2354 11.23
2355 10.61
2356 10.49
2357 10.54
2358 10.76
2359 10.33
2360 10.43
2361 10.41
2362 10.62
2363 10.30
2364 10.49
2365 10.33
2366 10.28
2367 10.30
2368 10.36
2369 10.30
2370 10.33
2371 10.44
2372 10.43
2373 10.36
2374 10.54
2375 10.21
2376 10.28
2377 10.36
2378 10.30
2379 10.59
2380 10.47
2381 11.12
2382 11.28
2383 11.37
2384 11.69
2385 11.76
2386 12.12
2387 11.80
2388 11.95
2389 11.64
2390 11.70
2391 11.98
2392 12.31
2393 12.19
2394 12.04
2395 12.39
2396 12.21
2397 11.91
2398 12.18
2399 0    
2400 0    
2401 82.56
2402 0    
2403 83.52
2404 0    
2405 81.44
2406 82.72
2407 82.56
2408 0    
2409 84.00
2410 0    
2411 0    
2412 0    
2413 0    
2414 0    
2415 0    
2416 0    
2417 0    
2418 12.88
2419 12.09
2420 12.01
2421 12.34
2422 11.65
2423 11.63
2424 11.75
2425 11.69
2426 11.26
2427 11.09
2428 11.69
2429 11.24
2430 11.21
2431 11.62
2432 10.89
2433 11.29
2434 11.34
2435 11.17
2436 10.86
2437 11.20
2438 11.57
2439 10.74
2440 11.16
2441 11.02
2442 10.92
2443 11.01
2444 10.89
2445 11.24
2446 10.82
2447 10.59
2448 11.44
2449 11.11
2450 11.07
2451 11.08
2452 10.80
2453 11.25
2454 10.79
2455 10.95
2456 10.73
2457 10.62
2458 10.36
2459 10.49
2460 10.56
2461 10.53
2462 10.74
2463 10.41
2464 10.57
2465 10.39
2466 10.33
2467 10.15
2468 10.27
2469 10.33
2470 10.40
2471 10.39
2472 10.36
2473 10.22
2474 10.18
2475 10.40
2476 10.33
2477 10.46
2478 10.48
2479 10.49
2480 10.50
2481 10.51
2482 11.23
2483 11.18
2484 11.54
2485 11.87
2486 11.89
2487 11.97
2488 11.79
2489 11.65
2490 12.11
2491 12.06
2492 12.13
2493 11.82
2494 11.78
2495 11.94
2496 11.85
2497 12.57
2498 12.13
2499 0    
2500 82.72
2501 84.0
2502 84.48
2503 0    
2504 0    
2505 0    
2506 0    
2507 0    
2508 0    
2509 0    
2510 82.08
2511 0    
2512 0    
2513 0    
2514 0    
2515 0    
2516 0    
2517 0    
2518 14.10
2519 12.13
2520 11.94
2521 12.05
2522 11.65
2523 11.98
2524 11.75
2525 11.69
2526 11.48
2527 11.63
2528 11.11
2529 10.83
2530 11.35
2531 11.17
2532 11.36
2533 11.12
2534 11.15
2535 10.93
2536 11.29
2537 11.20
2538 11.04
2539 11.10
2540 10.75
2541 10.92
2542 10.83
2543 11.19
2544 11.38
2545 11.43
2546 11.35
2547 11.43
2548 11.30
2549 11.42
2550 11.04
2551 10.50
2552 11.24
2553 11.23
2554 11.07
2555 10.85
2556 10.51
2557 10.76
2558 10.75
2559 10.74
2560 10.74
2561 10.24
2562 10.48
2563 10.37
2564 10.59
2565 10.48
2566 10.49
2567 10.71
2568 10.73
2569 10.42
2570 10.16
2571 10.46
2572 10.20
2573 10.24
2574 10.34
2575 10.36
2576 10.23
2577 10.37
2578 10.64
2579 10.58
2580 10.52
2581 10.62
2582 11.09
2583 11.48
2584 11.67
2585 11.66
2586 12.14
2587 11.99
2588 11.69
2589 11.95
2590 11.63
2591 12.51
2592 11.89
2593 11.91
2594 12.06
2595 12.21
2596 12.19
2597 12.24
2598 11.99
2599 83.04
2600 84.00
2601 84.00
2602 0    
2603 0    
2604 84.80
2605 0    
2606 0    
2607 0    
2608 0    
2609 0    
2610 0    
2611 0    
2612 0    
2613 0    
2614 0    
2615 0    
2616 0    
2617 17.61
2618 14.35
2619 12.61
2620 11.86
2621 11.64
2622 11.44
2623 11.89
2624 11.78
2625 11.29
2626 11.32
2627 11.28
2628 11.44
2629 11.33
2630 11.43
2631 11.23
2632 10.98
2633 11.14
2634 11.09
2635 10.68
2636 10.88
2637 10.77
2638 10.74
2639 10.80
2640 10.77
2641 10.89
2642 10.60
2643 10.74
2644 11.15
2645 10.95
2646 10.83
2647 10.92
2648 11.51
2649 10.89
2650 11.56
2651 10.77
2652 10.95
2653 11.45
2654 11.30
2655 11.04
2656 10.68
2657 10.41
2658 10.74
2659 10.53
2660 10.44
2661 10.55
2662 10.67
2663 10.39
2664 10.53
2665 10.47
2666 10.43
2667 10.37
2668 10.39
2669 10.54
2670 10.36
2671 10.21
2672 10.33
2673 10.22
2674 10.39
2675 10.3
2676 10.37
2677 10.40
2678 10.40
2679 10.56
2680 10.67
2681 10.76
2682 10.75
2683 11.69
2684 11.80
2685 11.67
2686 11.69
2687 12.00
2688 12.00
2689 11.70
2690 11.72
2691 11.61
2692 12.04
2693 11.96
2694 12.00
2695 11.84
2696 12.09
2697 12.87
2698 12.40
2699 0    
2700 0    
2701 0    
2702 0    
2703 81.76
2704 83.68
2705 0    
2706 0    
2707 0    
2708 0    
2709 84.48
2710 0    
2711 0    
2712 0    
2713 0    
2714 0    
2715 0    
2716 0    
2717 0    
2718 17.63
2719 13.04
2720 12.40
2721 11.74
2722 11.54
2723 11.46
2724 11.57
2725 11.38
2726 11.38
2727 11.32
2728 11.10
2729 11.26
2730 11.19
2731 11.13
2732 10.77
2733 11.48
2734 11.57
2735 11.01
2736 11.26
2737 11.18
2738 10.75
2739 10.68
2740 10.66
2741 10.66
2742 10.96
2743 10.87
2744 10.80
2745 10.97
2746 11.15
2747 11.25
2748 11.36
2749 11.42
2750 10.95
2751 11.33
2752 11.15
2753 11.04
2754 10.89
2755 10.61
2756 10.83
2757 10.68
2758 11.00
2759 10.52
2760 10.47
2761 10.85
2762 10.34
2763 10.39
2764 10.43
2765 10.60
2766 10.20
2767 10.62
2768 10.50
2769 10.41
2770 10.39
2771 10.18
2772 10.56
2773 10.37
2774 10.48
2775 10.36
2776 10.51
2777 10.27
2778 10.50
2779 10.53
2780 10.55
2781 11.14
2782 11.26
2783 11.41
2784 11.32
2785 11.59
2786 11.99
2787 11.96
2788 12.16
2789 12.38
2790 11.83
2791 12.06
2792 12.03
2793 12.22
2794 12.66
2795 12.31
2796 11.80
2797 11.89
2798 12.09
2799 84.32
2800 86.24
2801 0    
2802 84.48
2803 84.00
2804 0    
2805 0    
2806 0    
2807 0    
2808 0    
2809 0    
2810 0    
2811 0    
2812 0    
2813 82.08
2814 0    
2815 0    
2816 0    
2817 0    
2818 0    
2819 13.14
2820 12.28
2821 11.94
2822 11.89
2823 11.41
2824 11.04
2825 11.21
2826 11.50
2827 11.07
2828 10.99
2829 11.20
2830 11.37
2831 11.06
2832 11.12
2833 11.10
2834 11.19
2835 11.05
2836 11.12
2837 11.01
2838 11.15
2839 10.71
2840 10.82
2841 10.71
2842 10.71
2843 10.66
2844 10.84
2845 11.09
2846 10.98
2847 11.54
2848 10.92
2849 11.29
2850 11.26
2851 10.59
2852 10.77
2853 11.25
2854 10.95
2855 10.73
2856 10.97
2857 10.75
2858 10.82
2859 10.77
2860 10.67
2861 10.82
2862 10.56
2863 10.63
2864 10.17
2865 10.39
2866 10.30
2867 10.73
2868 10.43
2869 10.39
2870 10.50
2871 10.33
2872 10.34
2873 10.42
2874 10.41
2875 10.36
2876 10.21
2877 10.30
2878 10.33
2879 10.71
2880 10.49
2881 10.7
2882 11.07
2883 11.53
2884 11.70
2885 11.71
2886 11.69
2887 11.95
2888 11.71
2889 12.20
2890 12.14
2891 12.11
2892 11.82
2893 11.74
2894 11.86
2895 11.82
2896 12.13
2897 12.16
2898 12.22
2899 82.56
2900 82.56
2901 84.32
2902 83.68
2903 0    
2904 0    
2905 0    
2906 0    
2907 0    
2908 0    
2909 0    
2910 0    
2911 0    
2912 82.56
2913 84.00
2914 0    
2915 0    
2916 81.76
2917 81.28
2918 0    
2919 13.30
2920 12.15
2921 12.34
2922 12.00
2923 11.51
2924 11.28
2925 11.09
2926 11.44
2927 10.89
2928 11.26
2929 11.29
2930 11.59
2931 11.17
2932 11.04
2933 11.29
2934 11.01
2935 10.86
2936 10.76
2937 10.77
2938 10.73
2939 10.60
2940 10.70
2941 10.84
2942 10.68
2943 10.70
2944 10.36
2945 10.89
2946 10.89
2947 11.57
2948 11.29
2949 11.33
2950 11.40
2951 11.48
2952 11.20
2953 11.08
2954 11.40
2955 10.83
2956 10.64
2957 10.89
2958 10.63
2959 10.74
2960 10.80
2961 10.70
2962 10.46
2963 10.55
2964 10.36
2965 10.77
2966 10.51
2967 10.45
2968 10.78
2969 10.86
2970 10.57
2971 10.57
2972 10.39
2973 10.70
2974 10.36
2975 10.27
2976 10.28
2977 10.20
2978 10.51
2979 10.70
2980 11.13
2981 10.86
2982 11.62
2983 11.55
2984 11.50
2985 11.95
2986 11.68
2987 11.81
2988 11.56
2989 11.75
2990 11.85
2991 11.66
2992 12.02
2993 12.25
2994 12.22
2995 11.88
2996 11.84
2997 11.83
2998 12.17
2999 0    
3000 0    
3001 0    
3002 81.76
3003 83.52
3004 0    
3005 0    
3006 0    
3007 0    
3008 0    
3009 0    
3010 0    
3011 86.72
3012 0    
3013 0    
3014 0    
3015 83.04
3016 82.72
3017 81.76
3018 0    
3019 0    
3020 12.84
3021 12.32
3022 11.69
3023 11.75
3024 11.02
3025 11.57
3026 11.59
3027 11.14
3028 11.48
3029 11.44
3030 11.26
3031 11.43
3032 11.15
3033 10.81
3034 10.95
3035 11.04
3036 10.71
3037 10.92
3038 11.04
3039 10.98
3040 10.61
3041 10.55
3042 10.86
3043 10.74
3044 10.68
3045 10.75
3046 10.89
3047 11.10
3048 11.44
3049 11.75
3050 11.44
3051 11.26
3052 10.77
3053 10.65
3054 10.61
3055 11.10
3056 11.02
3057 10.56
3058 10.92
3059 10.68
3060 10.36
3061 10.77
3062 10.41
3063 10.71
3064 10.49
3065 10.60
3066 10.80
3067 10.39
3068 10.66
3069 10.58
3070 10.4
3071 10.67
3072 10.43
3073 10.31
3074 10.33
3075 10.35
3076 10.51
3077 10.44
3078 10.48
3079 10.74
3080 11.18
3081 11.19
3082 11.30
3083 11.24
3084 11.26
3085 11.45
3086 11.67
3087 11.32
3088 12.03
3089 11.56
3090 11.49
3091 12.22
3092 12.03
3093 12.29
3094 11.67
3095 12.43
3096 12.17
3097 12.31
3098 11.70
3099 0    
3100 0    
3101 0    
3102 0    
3103 0    
3104 0    
3105 0    
3106 0    
3107 0    
3108 0    
3109 0    
3110 0    
3111 0    
3112 0    
3113 82.56
3114 84.32
3115 0    
3116 0    
3117 0    
3118 0    
3119 17.98
3120 0    
3121 12.24
3122 12.01
3123 11.59
3124 11.17
3125 11.25
3126 11.20
3127 11.63
3128 11.52
3129 11.42
3130 11.16
3131 11.19
3132 11.10
3133 11.07
3134 11.12
3135 11.28
3136 11.13
3137 10.92
3138 10.68
3139 10.71
3140 10.84
3141 10.82
3142 10.70
3143 10.74
3144 10.71
3145 10.56
3146 11.15
3147 11.03
3148 11.43
3149 11.83
3150 11.35
3151 11.41
3152 11.54
3153 11.59
3154 11.20
3155 11.23
3156 10.78
3157 10.88
3158 11.04
3159 11.35
3160 10.89
3161 10.61
3162 10.63
3163 10.67
3164 10.67
3165 10.44
3166 10.41
3167 10.49
3168 10.56
3169 10.52
3170 10.57
3171 10.44
3172 10.45
3173 10.33
3174 10.49
3175 10.50
3176 10.46
3177 10.36
3178 10.57
3179 10.39
3180 10.98
3181 10.94
3182 11.35
3183 11.54
3184 11.72
3185 11.38
3186 11.69
3187 12.11
3188 11.33
3189 11.91
3190 12.00
3191 11.29
3192 11.69
3193 12.21
3194 12.09
3195 12.23
3196 11.93
3197 11.89
3198 12.13
3199 0    
3200 84.32
3201 0    
3202 0    
3203 0    
3204 0    
3205 0    
3206 0    
3207 0    
3208 82.08
3209 83.20
3210 0    
3211 0    
3212 0    
3213 0    
3214 0    
3215 0    
3216 0    
3217 0    
3218 0    
3219 17.95
3220 0    
3221 12.57
3222 12.19
3223 11.33
3224 11.30
3225 11.66
3226 11.38
3227 11.20
3228 11.13
3229 11.41
3230 11.19
3231 11.06
3232 10.89
3233 11.04
3234 10.67
3235 10.89
3236 10.96
3237 11.13
3238 10.89
3239 10.88
3240 10.80
3241 10.68
3242 10.54
3243 10.91
3244 10.62
3245 10.83
3246 10.80
3247 10.83
3248 11.26
3249 11.39
3250 11.43
3251 11.41
3252 10.80
3253 11.44
3254 10.83
3255 10.39
3256 11.34
3257 10.74
3258 10.77
3259 10.58
3260 10.95
3261 10.67
3262 10.86
3263 10.63
3264 10.47
3265 10.89
3266 10.63
3267 10.68
3268 10.44
3269 10.36
3270 10.39
3271 10.65
3272 10.57
3273 10.47
3274 10.61
3275 10.44
3276 10.58
3277 10.62
3278 10.56
3279 10.47
3280 10.84
3281 11.18
3282 11.57
3283 11.13
3284 11.20
3285 11.57
3286 11.88
3287 11.63
3288 11.7
3289 11.44
3290 11.84
3291 11.80
3292 12.56
3293 11.86
3294 12.20
3295 11.99
3296 12.11
3297 12.03
3298 12.43
3299 83.52
3300 0    
3301 0    
3302 0    
3303 0    
3304 0    
3305 0    
3306 0    
3307 0    
3308 0    
3309 0    
3310 0    
3311 0    
3312 0    
3313 0    
3314 0    
3315 0    
3316 0    
3317 0    
3318 0    
3319 0    
3320 17.61
3321 12.54
3322 12.07
3323 11.81
3324 11.54
3325 11.55
3326 11.48
3327 11.58
3328 11.41
3329 11.08
3330 11.04
3331 11.41
3332 10.92
3333 10.89
3334 11.11
3335 10.78
3336 11.09
3337 10.94
3338 10.89
3339 10.91
3340 10.66
3341 10.83
3342 10.97
3343 10.63
3344 11.07
3345 10.79
3346 10.74
3347 10.91
3348 11.29
3349 11.26
3350 11.52
3351 11.22
3352 11.38
3353 11.20
3354 11.52
3355 11.35
3356 11.55
3357 11.24
3358 11.19
3359 11.16
3360 11.46
3361 10.74
3362 10.71
3363 10.74
3364 10.49
3365 10.73
3366 10.60
3367 10.76
3368 10.40
3369 10.33
3370 10.49
3371 10.77
3372 10.53
3373 10.67
3374 10.68
3375 10.80
3376 10.24
3377 10.37
3378 10.52
3379 10.63
3380 10.80
3381 10.98
3382 11.28
3383 11.19
3384 11.86
3385 11.57
3386 11.77
3387 11.95
3388 11.96
3389 11.92
3390 11.77
3391 12.13
3392 11.89
3393 12.06
3394 11.86
3395 11.89
3396 12.13
3397 12.46
3398 11.97
3399 83.20
3400 0    
3401 0    
3402 0    
3403 0    
3404 0    
3405 0    
3406 0    
3407 84.48
3408 0    
3409 0    
3410 0    
3411 0    
3412 0    
3413 0    
3414 0    
3415 0    
3416 81.76
3417 81.28
3418 81.76
3419 18.44
3420 0    
3421 13.35
3422 12.84
3423 11.80
3424 11.63
3425 11.69
3426 11.42
3427 11.44
3428 11.45
3429 10.85
3430 11.13
3431 11.31
3432 11.15
3433 11.01
3434 10.87
3435 11.18
3436 10.64
3437 10.87
3438 10.84
3439 10.98
3440 10.62
3441 10.55
3442 10.73
3443 10.53
3444 10.73
3445 10.61
3446 10.80
3447 11.17
3448 10.89
3449 10.97
3450 12.08
3451 11.33
3452 11.60
3453 11.43
3454 11.47
3455 11.40
3456 11.32
3457 10.99
3458 10.95
3459 11.04
3460 10.92
3461 10.89
3462 10.81
3463 10.66
3464 10.94
3465 10.68
3466 10.68
3467 10.84
3468 10.83
3469 10.98
3470 10.76
3471 10.98
3472 10.48
3473 10.53
3474 10.39
3475 10.4
3476 10.63
3477 10.48
3478 10.46
3479 10.92
3480 11.05
3481 11.34
3482 11.96
3483 11.57
3484 11.75
3485 11.45
3486 11.69
3487 11.54
3488 11.80
3489 11.63
3490 11.50
3491 11.94
3492 12.02
3493 11.61
3494 11.45
3495 11.90
3496 11.93
3497 12.62
3498 12.12
3499 0    
3500 0    
3501 83.68
3502 81.76
3503 83.52
3504 0    
3505 18.40
3506 0    
3507 0    
3508 0    
3509 0    
3510 0    
3511 0    
3512 83.04
3513 0    
3514 0    
3515 0    
3516 0    
3517 0    
3518 0    
3519 0    
3520 0    
3521 0    
3522 12.43
3523 12.46
3524 11.28
3525 11.63
3526 11.20
3527 10.70
3528 11.21
3529 11.44
3530 10.98
3531 11.11
3532 10.84
3533 10.99
3534 10.81
3535 11.37
3536 11.01
3537 11.18
3538 10.58
3539 10.98
3540 10.89
3541 10.73
3542 10.61
3543 10.93
3544 10.76
3545 10.68
3546 10.86
3547 11.15
3548 10.68
3549 11.44
3550 11.90
3551 11.69
3552 11.91
3553 11.23
3554 11.41
3555 11.21
3556 11.59
3557 11.32
3558 10.86
3559 10.63
3560 10.98
3561 10.84
3562 11.07
3563 10.71
3564 10.60
3565 11.12
3566 11.21
3567 10.67
3568 10.83
3569 10.68
3570 10.46
3571 10.48
3572 11.03
3573 10.71
3574 10.49
3575 10.43
3576 10.30
3577 10.79
3578 10.71
3579 11.05
3580 10.88
3581 10.92
3582 11.67
3583 11.66
3584 11.63
3585 11.57
3586 11.88
3587 11.66
3588 11.83
3589 11.92
3590 12.03
3591 11.84
3592 11.51
3593 11.63
3594 12.23
3595 12.52
3596 12.19
3597 12.31
3598 12.39
3599 0    
3600 0    
3601 0    
3602 0    
3603 0    
3604 0    
3605 83.68
3606 82.72
3607 83.68
3608 0    
3609 0    
3610 0    
3611 84.00
3612 0    
3613 0    
3614 0    
3615 0    
3616 82.72
3617 84.48
3618 0    
3619 0    
3620 0    
3621 0    
3622 12.59
3623 12.17
3624 11.78
3625 11.45
3626 11.26
3627 11.53
3628 11.15
3629 10.79
3630 10.90
3631 11.13
3632 11.11
3633 11.03
3634 11.07
3635 10.93
3636 10.86
3637 11.13
3638 10.77
3639 10.73
3640 10.78
3641 11.06
3642 10.67
3643 10.70
3644 10.89
3645 10.74
3646 10.74
3647 10.96
3648 10.74
3649 11.48
3650 11.73
3651 11.61
3652 11.63
3653 11.51
3654 11.19
3655 11.81
3656 11.61
3657 11.33
3658 10.81
3659 11.27
3660 10.92
3661 11.02
3662 10.73
3663 10.98
3664 10.76
3665 10.74
3666 10.58
3667 10.56
3668 10.57
3669 10.71
3670 10.53
3671 10.69
3672 10.3
3673 10.64
3674 10.74
3675 10.64
3676 10.79
3677 10.42
3678 10.83
3679 10.51
3680 11.30
3681 10.95
3682 11.12
3683 11.19
3684 11.57
3685 11.78
3686 11.45
3687 11.60
3688 11.75
3689 11.42
3690 12.11
3691 12.01
3692 11.78
3693 11.56
3694 12.09
3695 12.07
3696 12.09
3697 11.83
3698 11.87
3699 83.04
3700 0    
3701 0    
3702 0    
3703 0    
3704 83.52
3705 0    
3706 0    
3707 0    
3708 0    
3709 0    
3710 0    
3711 0    
3712 0    
3713 0    
3714 83.04
3715 0    
3716 82.56
3717 0    
3718 0    
3719 0    
3720 0    
3721 0    
3722 0    
3723 12.46
3724 11.99
3725 11.36
3726 11.58
3727 11.35
3728 11.46
3729 11.64
3730 11.23
3731 11.63
3732 11.39
3733 11.21
3734 10.90
3735 10.89
3736 11.04
3737 10.71
3738 10.85
3739 10.93
3740 11.04
3741 10.87
3742 10.75
3743 10.88
3744 10.80
3745 10.85
3746 10.63
3747 10.68
3748 11.01
3749 11.34
3750 11.83
3751 12.01
3752 11.72
3753 11.87
3754 10.92
3755 11.77
3756 11.04
3757 11.34
3758 11.56
3759 10.70
3760 10.97
3761 10.78
3762 11.07
3763 11.08
3764 10.65
3765 11.13
3766 11.23
3767 10.74
3768 10.34
3769 11.07
3770 10.53
3771 10.83
3772 10.81
3773 10.78
3774 10.95
3775 10.55
3776 10.51
3777 10.58
3778 10.46
3779 10.77
3780 10.74
3781 11.18
3782 11.48
3783 11.56
3784 11.40
3785 11.37
3786 11.83
3787 11.66
3788 12.36
3789 11.50
3790 11.89
3791 11.95
3792 12.04
3793 11.92
3794 11.90
3795 11.58
3796 12.01
3797 12.25
3798 11.99
3799 0    
3800 0    
3801 83.20
3802 83.68
3803 83.52
3804 0    
3805 0    
3806 0    
3807 0    
3808 0    
3809 0    
3810 84.32
3811 84.00
3812 18.73
3813 0    
3814 0    
3815 0    
3816 0    
3817 0    
3818 0    
3819 0    
3820 0    
3821 0    
3822 0    
3823 12.89
3824 12.02
3825 11.81
3826 11.48
3827 11.19
3828 11.40
3829 11.63
3830 10.80
3831 10.95
3832 10.98
3833 11.21
3834 10.84
3835 11.17
3836 11.13
3837 11.31
3838 10.89
3839 11.14
3840 10.68
3841 10.95
3842 10.67
3843 10.81
3844 10.77
3845 10.96
3846 10.84
3847 10.91
3848 10.62
3849 11.04
3850 11.48
3851 11.72
3852 11.36
3853 11.95
3854 11.89
3855 12.02
3856 11.27
3857 11.48
3858 11.45
3859 10.73
3860 11.23
3861 11.41
3862 10.84
3863 10.64
3864 10.80
3865 11.00
3866 10.84
3867 10.80
3868 10.93
3869 10.89
3870 10.63
3871 10.61
3872 11.18
3873 10.41
3874 10.66
3875 10.6
3876 10.55
3877 10.74
3878 10.78
3879 10.83
3880 10.76
3881 11.51
3882 11.71
3883 11.20
3884 11.81
3885 11.68
3886 11.51
3887 11.78
3888 11.75
3889 12.13
3890 11.58
3891 11.52
3892 11.57
3893 12.11
3894 11.98
3895 12.07
3896 12.18
3897 12.22
3898 12.11
3899 84.32
3900 0    
3901 0    
3902 0    
3903 83.20
3904 0    
3905 0    
3906 0    
3907 0    
3908 84.32
3909 0    
3910 0    
3911 0    
3912 0    
3913 18.47
3914 0    
3915 0    
3916 0    
3917 0    
3918 0    
3919 0    
3920 0    
3921 0    
3922 0    
3923 13.12
3924 12.22
3925 12.32
3926 11.93
3927 11.80
3928 11.75
3929 11.29
3930 11.17
3931 11.69
3932 11.03
3933 11.33
3934 11.63
3935 11.21
3936 11.50
3937 11.22
3938 10.83
3939 11.04
3940 11.00
3941 11.16
3942 10.95
3943 10.91
3944 10.68
3945 10.95
3946 10.94
3947 10.98
3948 11.35
3949 11.28
3950 11.80
3951 11.69
3952 11.80
3953 11.87
3954 11.59
3955 11.11
3956 11.60
3957 11.47
3958 10.70
3959 10.75
3960 10.86
3961 11.11
3962 11.23
3963 11.27
3964 10.70
3965 10.80
3966 10.58
3967 10.47
3968 10.93
3969 10.71
3970 11.01
3971 10.80
3972 10.68
3973 10.95
3974 10.43
3975 10.77
3976 10.58
3977 10.92
3978 10.64
3979 10.61
3980 11.08
3981 11.45
3982 11.57
3983 11.57
3984 11.84
3985 11.68
3986 11.88
3987 11.69
3988 11.68
3989 11.94
3990 12.07
3991 11.82
3992 12.75
3993 11.86
3994 11.96
3995 12.07
3996 12.12
3997 11.89
3998 12.49
3999 0    
4000 0    
4001 84.00
4002 0    
4003 0    
4004 0    
4005 0    
4006 0    
4007 0    
4008 0    
4009 0    
4010 84.32
4011 0    
4012 0    
4013 0    
4014 0    
4015 84.00
4016 83.20
4017 0    
4018 0    
4019 0    
4020 0    
4021 0    
4022 0    
4023 15.21
4024 14.60
4025 12.04
4026 11.78
4027 11.46
4028 11.67
4029 11.62
4030 11.27
4031 11.54
4032 11.32
4033 11.34
4034 11.21
4035 11.21
4036 11.25
4037 11.01
4038 11.11
4039 10.87
4040 10.94
4041 10.83
4042 10.74
4043 10.89
4044 10.74
4045 10.68
4046 11.04
4047 11.37
4048 11.49
4049 11.60
4050 11.80
4051 11.90
4052 10.64
4053 11.67
4054 11.61
4055 11.51
4056 11.43
4057 11.36
4058 11.25
4059 11.36
4060 11.53
4061 10.68
4062 11.01
4063 10.68
4064 11.30
4065 11.13
4066 11.14
4067 10.89
4068 10.59
4069 10.83
4070 10.59
4071 10.71
4072 11.01
4073 10.58
4074 10.61
4075 10.98
4076 10.78
4077 10.70
4078 11.12
4079 11.07
4080 10.95
4081 11.73
4082 11.63
4083 11.38
4084 11.8
4085 11.67
4086 11.75
4087 12.01
4088 11.66
4089 12.12
4090 11.99
4091 12.40
4092 11.98
4093 12.12
4094 12.15
4095 11.99
4096 12.12
4097 12.12
4098 12.03
4099 0    
4100 0    
4101 0    
4102 81.76
4103 0    
4104 0    
4105 0    
4106 0    
4107 81.44
4108 81.76
4109 0    
4110 0    
4111 0    
4112 0    
4113 0    
4114 0    
4115 0    
4116 0    
4117 0    
4118 0    
4119 0    
4120 0    
4121 0    
4122 0    
4123 17.55
4124 14.35
4125 12.01
4126 11.52
4127 11.78
4128 11.57
4129 11.75
4130 11.19
4131 11.72
4132 11.35
4133 11.64
4134 11.26
4135 11.05
4136 11.26
4137 11.00
4138 10.83
4139 11.17
4140 10.89
4141 11.35
4142 10.92
4143 11.38
4144 10.77
4145 10.95
4146 10.92
4147 11.48
4148 11.08
4149 11.62
4150 11.04
4151 11.85
4152 11.81
4153 11.21
4154 11.87
4155 11.18
4156 11.99
4157 11.52
4158 11.51
4159 11.53
4160 10.83
4161 10.81
4162 10.67
4163 11.33
4164 10.55
4165 11.14
4166 10.84
4167 10.32
4168 11.04
4169 10.99
4170 10.86
4171 11.27
4172 10.68
4173 10.83
4174 10.67
4175 10.74
4176 10.46
4177 10.43
4178 10.80
4179 11.18
4180 11.01
4181 11.41
4182 11.11
4183 11.36
4184 11.61
4185 11.85
4186 11.79
4187 11.63
4188 11.54
4189 11.16
4190 11.98
4191 12.10
4192 12.22
4193 12.16
4194 11.81
4195 12.22
4196 11.95
4197 12.43
4198 12.43
4199 82.72
4200 84.00
4201 0    
4202 84.48
4203 0    
4204 0    
4205 0    
4206 0    
4207 0    
4208 0    
4209 0    
4210 83.68
4211 0    
4212 0    
4213 0    
4214 0    
4215 0    
4216 81.28
4217 84.32
4218 0    
4219 0    
4220 0    
4221 0    
4222 0    
4223 0    
4224 12.43
4225 12.44
4226 11.79
4227 11.78
4228 11.75
4229 11.34
4230 11.61
4231 11.21
4232 11.31
4233 10.96
4234 10.78
4235 11.54
4236 10.87
4237 11.03
4238 11.04
4239 11.19
4240 11.43
4241 11.30
4242 10.89
4243 11.15
4244 11.07
4245 10.93
4246 11.00
4247 11.02
4248 11.44
4249 11.67
4250 11.34
4251 11.70
4252 11.94
4253 11.57
4254 11.75
4255 11.63
4256 11.86
4257 11.2
4258 11.57
4259 11.20
4260 12.08
4261 11.01
4262 11.32
4263 11.38
4264 11.04
4265 11.33
4266 10.68
4267 10.89
4268 11.15
4269 11.07
4270 11.31
4271 10.77
4272 10.93
4273 11.01
4274 10.56
4275 10.71
4276 10.96
4277 10.95
4278 10.76
4279 10.86
4280 11.39
4281 11.66
4282 11.20
4283 11.54
4284 12.13
4285 11.99
4286 11.55
4287 11.99
4288 11.93
4289 11.95
4290 12.31
4291 11.94
4292 12.22
4293 12.09
4294 12.07
4295 12.45
4296 12.43
4297 12.81
4298 12.00
4299 18.43
4300 82.72
4301 0    
4302 82.08
4303 0    
4304 0    
4305 0    
4306 0    
4307 0    
4308 0    
4309 0    
4310 0    
4311 0    
4312 0    
4313 0    
4314 0    
4315 0    
4316 0    
4317 0    
4318 0    
4319 0    
4320 83.04
4321 82.72
4322 0    
4323 0    
4324 0    
4325 12.49
4326 11.89
4327 11.63
4328 11.60
4329 11.64
4330 11.45
4331 11.20
4332 11.33
4333 11.09
4334 10.98
4335 11.22
4336 11.60
4337 11.57
4338 11.08
4339 11.34
4340 11.26
4341 11.05
4342 10.83
4343 11.26
4344 10.98
4345 10.90
4346 11.00
4347 11.23
4348 11.24
4349 11.76
4350 11.85
4351 12.34
4352 12.02
4353 11.93
4354 11.48
4355 11.76
4356 11.39
4357 10.83
4358 11.18
4359 11.78
4360 11.51
4361 10.74
4362 11.57
4363 10.64
4364 10.86
4365 11.43
4366 10.80
4367 11.11
4368 11.12
4369 11.38
4370 11.40
4371 10.56
4372 10.95
4373 11.38
4374 10.95
4375 11.29
4376 10.80
4377 11.15
4378 11.05
4379 11.40
4380 11.57
4381 11.69
4382 11.28
4383 11.75
4384 11.39
4385 11.88
4386 11.68
4387 12.09
4388 12.16
4389 11.48
4390 11.89
4391 11.88
4392 11.54
4393 12.23
4394 11.72
4395 12.18
4396 12.13
4397 12.16
4398 12.03
4399 0    
4400 84.00
4401 0    
4402 0    
4403 0    
4404 0    
4405 0    
4406 0    
4407 0    
4408 0    
4409 0    
4410 81.44
4411 82.72
4412 0    
4413 0    
4414 0    
4415 0    
4416 0    
4417 84.32
4418 82.72
4419 84.00
4420 83.04
4421 84.32
4422 0    
4423 0    
4424 0    
4425 0    
4426 12.32
4427 11.98
4428 12.03
4429 11.63
4430 11.60
4431 11.41
4432 11.52
4433 11.57
4434 11.68
4435 11.45
4436 10.83
4437 11.48
4438 11.15
4439 11.76
4440 11.20
4441 11.26
4442 11.41
4443 11.39
4444 11.01
4445 10.83
4446 10.90
4447 11.48
4448 11.72
4449 11.53
4450 12.02
4451 11.91
4452 11.91
4453 11.80
4454 12.13
4455 11.52
4456 11.51
4457 11.52
4458 11.29
4459 11.67
4460 11.09
4461 11.40
4462 11.23
4463 11.31
4464 11.78
4465 11.49
4466 10.62
4467 11.57
4468 10.62
4469 11.01
4470 11.44
4471 11.1
4472 10.80
4473 10.77
4474 10.77
4475 10.94
4476 11.01
4477 10.68
4478 10.84
4479 11.57
4480 11.47
4481 11.24
4482 11.90
4483 12.00
4484 11.39
4485 11.95
4486 11.21
4487 12.04
4488 12.37
4489 12.16
4490 11.40
4491 11.94
4492 11.91
4493 11.76
4494 12.14
4495 12.20
4496 12.40
4497 12.71
4498 12.12
4499 0    
4500 0    
4501 18.39
4502 0    
4503 0    
4504 0    
4505 0    
4506 0    
4507 0    
4508 0    
4509 0    
4510 84.48
4511 83.04
4512 0    
4513 0    
4514 0    
4515 0    
4516 0    
4517 0    
4518 0    
4519 17.95
4520 0    
4521 0    
4522 0    
4523 0    
4524 0    
4525 17.78
4526 12.84
4527 12.21
4528 12.25
4529 11.95
4530 11.39
4531 11.63
4532 11.70
4533 11.78
4534 10.95
4535 11.34
4536 11.42
4537 11.20
4538 10.70
4539 11.35
4540 11.04
4541 11.05
4542 10.86
4543 11.34
4544 11.15
4545 11.18
4546 11.14
4547 11.26
4548 11.41
4549 11.45
4550 11.83
4551 12.03
4552 11.75
4553 11.80
4554 11.66
4555 12.03
4556 11.85
4557 11.82
4558 11.83
4559 11.56
4560 11.51
4561 11.30
4562 11.78
4563 10.75
4564 10.84
4565 11.04
4566 11.02
4567 11.23
4568 11.17
4569 11.53
4570 11.18
4571 11.25
4572 11.52
4573 11.23
4574 11.04
4575 11.21
4576 11.19
4577 11.06
4578 10.95
4579 11.28
4580 11.10
4581 11.57
4582 11.40
4583 11.93
4584 11.95
4585 11.74
4586 11.78
4587 11.91
4588 12.14
4589 11.84
4590 12.00
4591 12.02
4592 12.13
4593 12.21
4594 12.29
4595 12.80
4596 12.37
4597 12.80
4598 12.40
4599 0    
4600 0    
4601 83.68
4602 0    
4603 0    
4604 0    
4605 0    
4606 0    
4607 0    
4608 0    
4609 0    
4610 0    
4611 84.80
4612 0    
4613 82.72
4614 0    
4615 0    
4616 0    
4617 83.68
4618 0    
4619 0    
4620 0    
4621 0    
4622 18.29
4623 81.76
4624 0    
4625 0    
4626 14.36
4627 12.10
4628 12.05
4629 12.03
4630 11.87
4631 11.91
4632 11.54
4633 11.45
4634 11.72
4635 11.51
4636 11.45
4637 11.15
4638 11.24
4639 11.45
4640 11.38
4641 10.92
4642 11.02
4643 11.31
4644 11.54
4645 11.15
4646 11.38
4647 11.41
4648 11.65
4649 11.85
4650 12.08
4651 11.90
4652 12.13
4653 11.64
4654 11.47
4655 11.82
4656 11.54
4657 11.57
4658 11.73
4659 11.55
4660 11.23
4661 11.47
4662 11.04
4663 11.27
4664 11.44
4665 11.20
4666 10.81
4667 10.87
4668 11.44
4669 11.48
4670 11.29
4671 10.98
4672 11.30
4673 11.06
4674 11.24
4675 11.05
4676 11.07
4677 10.68
4678 10.80
4679 11.07
4680 11.48
4681 11.8
4682 12.04
4683 11.76
4684 11.50
4685 12.07
4686 11.61
4687 12.46
4688 11.97
4689 12.11
4690 12.14
4691 12.31
4692 12.59
4693 11.76
4694 12.41
4695 12.15
4696 12.57
4697 12.28
4698 12.20
4699 84.00
4700 82.56
4701 0    
4702 0    
4703 0    
4704 0    
4705 0    
4706 0    
4707 0    
4708 0    
4709 0    
4710 0    
4711 84.32
4712 84.00
4713 0    
4714 0    
4715 0    
4716 0    
4717 0    
4718 0    
4719 0    
4720 0    
4721 0    
4722 81.76
4723 81.28
4724 81.28
4725 0    
4726 14.18
4727 12.72
4728 12.16
4729 11.78
4730 11.93
4731 11.63
4732 11.40
4733 11.38
4734 11.83
4735 11.48
4736 11.37
4737 11.54
4738 11.52
4739 11.00
4740 11.72
4741 11.74
4742 11.79
4743 11.44
4744 11.30
4745 11.30
4746 11.57
4747 11.41
4748 11.60
4749 11.80
4750 12.08
4751 11.80
4752 11.72
4753 11.94
4754 11.91
4755 11.49
4756 11.95
4757 11.92
4758 11.68
4759 11.88
4760 11.75
4761 10.93
4762 11.07
4763 11.55
4764 11.34
4765 11.10
4766 11.09
4767 11.19
4768 11.13
4769 11.24
4770 11.36
4771 10.89
4772 11.12
4773 11.23
4774 11.23
4775 11.17
4776 10.41
4777 10.92
4778 11.51
4779 11.23
4780 11.83
4781 11.72
4782 11.90
4783 11.71
4784 12.06
4785 11.67
4786 12.04
4787 11.99
4788 12.36
4789 12.47
4790 12.13
4791 12.35
4792 12.13
4793 12.04
4794 12.46
4795 12.20
4796 12.22
4797 12.97
4798 12.54
4799 0    
4800 0    
4801 0    
4802 0    
4803 0    
4804 0    
4805 0    
4806 0    
4807 0    
4808 0    
4809 0    
4810 84.96
4811 84.32
4812 84.00
4813 0    
4814 82.72
4815 83.20
4816 0    
4817 0    
4818 0    
4819 0    
4820 0    
4821 0    
4822 0    
4823 0    
4824 81.28
4825 0    
4826 13.11
4827 12.69
4828 12.19
4829 12.01
4830 11.83
4831 12.10
4832 11.45
4833 11.81
4834 11.56
4835 11.57
4836 11.38
4837 11.55
4838 11.05
4839 11.56
4840 11.63
4841 11.53
4842 11.32
4843 11.75
4844 11.38
4845 11.32
4846 11.11
4847 11.85
4848 11.72
4849 12.02
4850 12.55
4851 12.45
4852 12.08
4853 12.05
4854 12.00
4855 11.90
4856 11.82
4857 11.70
4858 12.02
4859 11.72
4860 11.87
4861 11.65
4862 11.30
4863 10.96
4864 11.78
4865 11.22
4866 11.51
4867 11.27
4868 11.24
4869 11.02
4870 11.13
4871 11.34
4872 11.74
4873 10.94
4874 11.24
4875 11.31
4876 11.20
4877 11.60
4878 11.64
4879 11.21
4880 11.6
4881 11.53
4882 12.00
4883 12.14
4884 12.31
4885 12.26
4886 12.66
4887 12.12
4888 12.31
4889 12.12
4890 12.37
4891 12.43
4892 11.86
4893 12.02
4894 12.66
4895 12.68
4896 12.83
4897 12.43
4898 12.65
4899 0    
4900 83.04
4901 0    
4902 0    
4903 0    
4904 0    
4905 0    
4906 0    
4907 18.30
4908 82.72
4909 0    
4910 0    
4911 0    
4912 0    
4913 0    
4914 0    
4915 0    
4916 0    
4917 0    
4918 0    
4919 82.56
4920 0    
4921 82.56
4922 0    
4923 0    
4924 0    
4925 0    
4926 0    
4927 13.93
4928 12.24
4929 11.83
4930 11.60
4931 11.94
4932 11.85
4933 11.60
4934 11.75
4935 11.80
4936 11.80
4937 12.05
4938 11.54
4939 11.32
4940 11.61
4941 11.48
4942 11.30
4943 11.60
4944 11.62
4945 11.74
4946 11.35
4947 11.49
4948 11.74
4949 12.17
4950 12.24
4951 12.37
4952 12.33
4953 11.98
4954 12.16
4955 11.90
4956 11.80
4957 11.59
4958 12.16
4959 11.96
4960 11.86
4961 12.01
4962 11.76
4963 11.49
4964 11.86
4965 11.41
4966 11.46
4967 11.38
4968 11.69
4969 12.07
4970 11.13
4971 11.48
4972 10.92
4973 11.78
4974 11.04
4975 11.29
4976 11.08
4977 11.04
4978 11.20
4979 11.48
4980 11.71
4981 12.10
4982 12.36
4983 12.59
4984 12.49
4985 11.91
4986 12.31
4987 12.09
4988 12.28
4989 12.13
4990 12.21
4991 12.07
4992 12.11
4993 13.57
4994 12.12
4995 13.70
4996 12.14
4997 12.99
4998 12.37
4999 0    
